# energy(MeV) dYield(atoms/MeV/s) flux(atoms/MeV/uA/s) crossSection(cm2)
# 501 4
# 501 4
 0.00000000e+00  0.00000000e+00  2.21571000e+14  0.00000000e+00
 1.00000000e-01  0.00000000e+00  2.16262800e+14  0.00000000e+00
 2.00000000e-01  0.00000000e+00  2.10954600e+14  0.00000000e+00
 3.00000000e-01  0.00000000e+00  2.05646400e+14  0.00000000e+00
 4.00000000e-01  0.00000000e+00  2.00338200e+14  0.00000000e+00
 5.00000000e-01  0.00000000e+00  1.95030000e+14  0.00000000e+00
 6.00000000e-01  0.00000000e+00  1.82085600e+14  0.00000000e+00
 7.00000000e-01  0.00000000e+00  1.69141200e+14  0.00000000e+00
 8.00000000e-01  0.00000000e+00  1.56196800e+14  0.00000000e+00
 9.00000000e-01  0.00000000e+00  1.43252400e+14  0.00000000e+00
 1.00000000e+00  0.00000000e+00  1.30308000e+14  0.00000000e+00
 1.10000000e+00  0.00000000e+00  1.19829000e+14  0.00000000e+00
 1.20000000e+00  0.00000000e+00  1.09350000e+14  0.00000000e+00
 1.30000000e+00  0.00000000e+00  9.88710000e+13  0.00000000e+00
 1.40000000e+00  0.00000000e+00  8.83920000e+13  0.00000000e+00
 1.50000000e+00  0.00000000e+00  7.79130000e+13  0.00000000e+00
 1.60000000e+00  0.00000000e+00  7.34829000e+13  0.00000000e+00
 1.70000000e+00  0.00000000e+00  6.90528000e+13  0.00000000e+00
 1.80000000e+00  0.00000000e+00  6.46227000e+13  0.00000000e+00
 1.90000000e+00  0.00000000e+00  6.01926000e+13  0.00000000e+00
 2.00000000e+00  0.00000000e+00  5.57625000e+13  0.00000000e+00
 2.10000000e+00  0.00000000e+00  5.31738000e+13  0.00000000e+00
 2.20000000e+00  0.00000000e+00  5.05851000e+13  0.00000000e+00
 2.30000000e+00  0.00000000e+00  4.79964000e+13  0.00000000e+00
 2.40000000e+00  0.00000000e+00  4.54077000e+13  0.00000000e+00
 2.50000000e+00  0.00000000e+00  4.28190000e+13  0.00000000e+00
 2.60000000e+00  0.00000000e+00  4.11309000e+13  0.00000000e+00
 2.70000000e+00  0.00000000e+00  3.94428000e+13  0.00000000e+00
 2.80000000e+00  0.00000000e+00  3.77547000e+13  0.00000000e+00
 2.90000000e+00  0.00000000e+00  3.60666000e+13  0.00000000e+00
 3.00000000e+00  0.00000000e+00  3.43785000e+13  0.00000000e+00
 3.10000000e+00  0.00000000e+00  3.31953900e+13  0.00000000e+00
 3.20000000e+00  0.00000000e+00  3.20122800e+13  0.00000000e+00
 3.30000000e+00  0.00000000e+00  3.08291700e+13  0.00000000e+00
 3.40000000e+00  0.00000000e+00  2.96460600e+13  0.00000000e+00
 3.50000000e+00  0.00000000e+00  2.84629500e+13  0.00000000e+00
 3.60000000e+00  0.00000000e+00  2.75913600e+13  0.00000000e+00
 3.70000000e+00  0.00000000e+00  2.67197700e+13  0.00000000e+00
 3.80000000e+00  0.00000000e+00  2.58481800e+13  0.00000000e+00
 3.90000000e+00  0.00000000e+00  2.49765900e+13  0.00000000e+00
 4.00000000e+00  0.00000000e+00  2.41050000e+13  0.00000000e+00
 4.10000000e+00  0.00000000e+00  2.34369900e+13  0.00000000e+00
 4.20000000e+00  0.00000000e+00  2.27689800e+13  0.00000000e+00
 4.30000000e+00  0.00000000e+00  2.21009700e+13  0.00000000e+00
 4.40000000e+00  0.00000000e+00  2.14329600e+13  0.00000000e+00
 4.50000000e+00  0.00000000e+00  2.07649500e+13  0.00000000e+00
 4.60000000e+00  0.00000000e+00  2.02385400e+13  0.00000000e+00
 4.70000000e+00  0.00000000e+00  1.97121300e+13  0.00000000e+00
 4.80000000e+00  0.00000000e+00  1.91857200e+13  0.00000000e+00
 4.90000000e+00  0.00000000e+00  1.86593100e+13  0.00000000e+00
 5.00000000e+00  0.00000000e+00  1.81329000e+13  0.00000000e+00
 5.10000000e+00  0.00000000e+00  1.77079500e+13  0.00000000e+00
 5.20000000e+00  0.00000000e+00  1.72830000e+13  0.00000000e+00
 5.30000000e+00  0.00000000e+00  1.68580500e+13  0.00000000e+00
 5.40000000e+00  0.00000000e+00  1.64331000e+13  0.00000000e+00
 5.50000000e+00  0.00000000e+00  1.60081500e+13  0.00000000e+00
 5.60000000e+00  0.00000000e+00  1.56584100e+13  0.00000000e+00
 5.70000000e+00  0.00000000e+00  1.53086700e+13  0.00000000e+00
 5.80000000e+00  0.00000000e+00  1.49589300e+13  0.00000000e+00
 5.90000000e+00  0.00000000e+00  1.46091900e+13  0.00000000e+00
 6.00000000e+00  0.00000000e+00  1.42594500e+13  0.00000000e+00
 6.10000000e+00  0.00000000e+00  1.39674900e+13  0.00000000e+00
 6.20000000e+00  0.00000000e+00  1.36755300e+13  0.00000000e+00
 6.30000000e+00  0.00000000e+00  1.33835700e+13  0.00000000e+00
 6.40000000e+00  0.00000000e+00  1.30916100e+13  0.00000000e+00
 6.50000000e+00  1.48950426e+09  1.27996500e+13  1.17167600e-26
 6.60000000e+00  1.58640821e+09  1.25526900e+13  1.27245380e-26
 6.70000000e+00  1.67836839e+09  1.23057300e+13  1.37323160e-26
 6.80000000e+00  1.76538482e+09  1.20587700e+13  1.47400940e-26
 6.90000000e+00  1.84745748e+09  1.18118100e+13  1.57478720e-26
 7.00000000e+00  1.92458637e+09  1.15648500e+13  1.67556500e-26
 7.10000000e+00  2.01141027e+09  1.13538300e+13  1.78370140e-26
 7.20000000e+00  2.09370141e+09  1.11428100e+13  1.89183780e-26
 7.30000000e+00  2.17145981e+09  1.09317900e+13  1.99997420e-26
 7.40000000e+00  2.24468546e+09  1.07207700e+13  2.10811060e-26
 7.50000000e+00  2.31337836e+09  1.05097500e+13  2.21624700e-26
 7.60000000e+00  2.42849128e+09  1.03272900e+13  2.36763120e-26
 7.70000000e+00  2.53811747e+09  1.01448300e+13  2.51901540e-26
 7.80000000e+00  2.64225692e+09  9.96237000e+12  2.67039960e-26
 7.90000000e+00  2.74090963e+09  9.77991000e+12  2.82178380e-26
 8.00000000e+00  2.83407559e+09  9.59745000e+12  2.97316800e-26
 8.10000000e+00  2.99220763e+09  9.43839000e+12  3.19196180e-26
 8.20000000e+00  3.14342674e+09  9.27933000e+12  3.41075560e-26
 8.30000000e+00  3.28773291e+09  9.12027000e+12  3.62954940e-26
 8.40000000e+00  3.42512616e+09  8.96121000e+12  3.84834320e-26
 8.50000000e+00  3.55560648e+09  8.80215000e+12  4.06713700e-26
 8.60000000e+00  3.77495142e+09  8.66247000e+12  4.38766540e-26
 8.70000000e+00  3.98540298e+09  8.52279000e+12  4.70819380e-26
 8.80000000e+00  4.18696115e+09  8.38311000e+12  5.02872220e-26
 8.90000000e+00  4.37962595e+09  8.24343000e+12  5.34925060e-26
 9.00000000e+00  4.56339737e+09  8.10375000e+12  5.66977900e-26
 9.10000000e+00  4.86870264e+09  7.98072000e+12  6.14235700e-26
 9.20000000e+00  5.16245875e+09  7.85769000e+12  6.61493500e-26
 9.30000000e+00  5.44466568e+09  7.73466000e+12  7.08751300e-26
 9.40000000e+00  5.71532346e+09  7.61163000e+12  7.56009100e-26
 9.50000000e+00  5.97443206e+09  7.48860000e+12  8.03266900e-26
 9.60000000e+00  6.39860772e+09  7.37895000e+12  8.73081520e-26
 9.70000000e+00  6.80757715e+09  7.26930000e+12  9.42896140e-26
 9.80000000e+00  7.20134038e+09  7.15965000e+12  1.01271076e-25
 9.90000000e+00  7.57989738e+09  7.05000000e+12  1.08252538e-25
 1.00000000e+01  7.94324818e+09  6.94035000e+12  1.15234000e-25
 1.01000000e+01  8.52946113e+09  6.84153000e+12  1.25525580e-25
 1.02000000e+01  9.09547215e+09  6.74271000e+12  1.35817160e-25
 1.03000000e+01  9.64128123e+09  6.64389000e+12  1.46108740e-25
 1.04000000e+01  1.01668884e+10  6.54507000e+12  1.56400320e-25
 1.05000000e+01  1.06722936e+10  6.44625000e+12  1.66691900e-25
 1.06000000e+01  1.14449569e+10  6.35742000e+12  1.81257980e-25
 1.07000000e+01  1.21919181e+10  6.26859000e+12  1.95824060e-25
 1.08000000e+01  1.29131773e+10  6.17976000e+12  2.10390140e-25
 1.09000000e+01  1.36087343e+10  6.09093000e+12  2.24956220e-25
 1.10000000e+01  1.42785893e+10  6.00210000e+12  2.39522300e-25
 1.11000000e+01  1.50314016e+10  5.92233000e+12  2.55546980e-25
 1.12000000e+01  1.57588220e+10  5.84256000e+12  2.71571660e-25
 1.13000000e+01  1.64608505e+10  5.76279000e+12  2.87596340e-25
 1.14000000e+01  1.71374871e+10  5.68302000e+12  3.03621020e-25
 1.15000000e+01  1.77887318e+10  5.60325000e+12  3.19645700e-25
 1.16000000e+01  1.71014454e+10  5.53134000e+12  3.11290840e-25
 1.17000000e+01  1.64260932e+10  5.45943000e+12  3.02935980e-25
 1.18000000e+01  1.57626752e+10  5.38752000e+12  2.94581120e-25
 1.19000000e+01  1.51111914e+10  5.31561000e+12  2.86226260e-25
 1.20000000e+01  1.44716419e+10  5.24370000e+12  2.77871400e-25
 1.21000000e+01  1.34829568e+10  5.17791000e+12  2.62176960e-25
 1.22000000e+01  1.25147820e+10  5.11212000e+12  2.46482520e-25
 1.23000000e+01  1.15671174e+10  5.04633000e+12  2.30788080e-25
 1.24000000e+01  1.06399631e+10  4.98054000e+12  2.15093640e-25
 1.25000000e+01  9.73331917e+09  4.91475000e+12  1.99399200e-25
 1.26000000e+01  9.03146083e+09  4.85484000e+12  1.87303960e-25
 1.27000000e+01  8.34399644e+09  4.79493000e+12  1.75208720e-25
 1.28000000e+01  7.67092600e+09  4.73502000e+12  1.63113480e-25
 1.29000000e+01  7.01224950e+09  4.67511000e+12  1.51018240e-25
 1.30000000e+01  6.36796696e+09  4.61520000e+12  1.38923000e-25
 1.31000000e+01  5.92264656e+09  4.56045000e+12  1.30759122e-25
 1.32000000e+01  5.48620481e+09  4.50570000e+12  1.22595244e-25
 1.33000000e+01  5.05864170e+09  4.45095000e+12  1.14431366e-25
 1.34000000e+01  4.63995724e+09  4.39620000e+12  1.06267488e-25
 1.35000000e+01  4.23015143e+09  4.34145000e+12  9.81036100e-26
 1.36000000e+01  3.98679697e+09  4.29084000e+12  9.35504060e-26
 1.37000000e+01  3.74801991e+09  4.24023000e+12  8.89972020e-26
 1.38000000e+01  3.51382026e+09  4.18962000e+12  8.44439980e-26
 1.39000000e+01  3.28419802e+09  4.13901000e+12  7.98907940e-26
 1.40000000e+01  3.05915319e+09  4.08840000e+12  7.53375900e-26
 1.41000000e+01  2.90717669e+09  4.04223000e+12  7.24126240e-26
 1.42000000e+01  2.75788274e+09  3.99606000e+12  6.94876580e-26
 1.43000000e+01  2.61127133e+09  3.94989000e+12  6.65626920e-26
 1.44000000e+01  2.46734247e+09  3.90372000e+12  6.36377260e-26
 1.45000000e+01  2.32609615e+09  3.85755000e+12  6.07127600e-26
 1.46000000e+01  2.20313306e+09  3.81468000e+12  5.81495680e-26
 1.47000000e+01  2.08235270e+09  3.77181000e+12  5.55863760e-26
 1.48000000e+01  1.96375508e+09  3.72894000e+12  5.30231840e-26
 1.49000000e+01  1.84734019e+09  3.68607000e+12  5.04599920e-26
 1.50000000e+01  1.73310803e+09  3.64320000e+12  4.78968000e-26
 1.51000000e+01  1.63210247e+09  3.60330000e+12  4.56048340e-26
 1.52000000e+01  1.53291347e+09  3.56340000e+12  4.33128680e-26
 1.53000000e+01  1.43554101e+09  3.52350000e+12  4.10209020e-26
 1.54000000e+01  1.33998510e+09  3.48360000e+12  3.87289360e-26
 1.55000000e+01  1.24624574e+09  3.44370000e+12  3.64369700e-26
 1.56000000e+01  1.16796057e+09  3.40695000e+12  3.45164640e-26
 1.57000000e+01  1.09107736e+09  3.37020000e+12  3.25959580e-26
 1.58000000e+01  1.01559613e+09  3.33345000e+12  3.06754520e-26
 1.59000000e+01  9.41516871e+08  3.29670000e+12  2.87549460e-26
 1.60000000e+01  8.68839581e+08  3.25995000e+12  2.68344400e-26
 1.61000000e+01  8.14840465e+08  3.22566000e+12  2.54341880e-26
 1.62000000e+01  7.61795110e+08  3.19137000e+12  2.40339360e-26
 1.63000000e+01  7.09703517e+08  3.15708000e+12  2.26336840e-26
 1.64000000e+01  6.58565685e+08  3.12279000e+12  2.12334320e-26
 1.65000000e+01  6.08381615e+08  3.08850000e+12  1.98331800e-26
 1.66000000e+01  5.71972267e+08  3.05641200e+12  1.88419980e-26
 1.67000000e+01  5.36194693e+08  3.02432400e+12  1.78508160e-26
 1.68000000e+01  5.01048894e+08  2.99223600e+12  1.68596340e-26
 1.69000000e+01  4.66534870e+08  2.96014800e+12  1.58684520e-26
 1.70000000e+01  4.32652621e+08  2.92806000e+12  1.48772700e-26
 1.71000000e+01  4.09171502e+08  2.89791600e+12  1.42161980e-26
 1.72000000e+01  3.86086220e+08  2.86777200e+12  1.35551260e-26
 1.73000000e+01  3.63396774e+08  2.83762800e+12  1.28940540e-26
 1.74000000e+01  3.41103165e+08  2.80748400e+12  1.22329820e-26
 1.75000000e+01  3.19205392e+08  2.77734000e+12  1.15719100e-26
 1.76000000e+01  3.03089641e+08  2.74934400e+12  1.10995632e-26
 1.77000000e+01  2.87236567e+08  2.72134800e+12  1.06272164e-26
 1.78000000e+01  2.71646172e+08  2.69335200e+12  1.01548696e-26
 1.79000000e+01  2.56318454e+08  2.66535600e+12  9.68252280e-27
 1.80000000e+01  2.41253413e+08  2.63736000e+12  9.21017600e-27
 1.81000000e+01  2.29953903e+08  2.61118500e+12  8.86680220e-27
 1.82000000e+01  2.18832926e+08  2.58501000e+12  8.52342840e-27
 1.83000000e+01  2.07890482e+08  2.55883500e+12  8.18005460e-27
 1.84000000e+01  1.97126573e+08  2.53266000e+12  7.83668080e-27
 1.85000000e+01  1.86541196e+08  2.50648500e+12  7.49330700e-27
 1.86000000e+01  1.78485552e+08  2.48153700e+12  7.24179440e-27
 1.87000000e+01  1.70554550e+08  2.45658900e+12  6.99028180e-27
 1.88000000e+01  1.62748188e+08  2.43164100e+12  6.73876920e-27
 1.89000000e+01  1.55066467e+08  2.40669300e+12  6.48725660e-27
 1.90000000e+01  1.47509388e+08  2.38174500e+12  6.23574400e-27
 1.91000000e+01  1.41527784e+08  2.35829700e+12  6.04236680e-27
 1.92000000e+01  1.35636249e+08  2.33484900e+12  5.84898960e-27
 1.93000000e+01  1.29834783e+08  2.31140100e+12  5.65561240e-27
 1.94000000e+01  1.24123387e+08  2.28795300e+12  5.46223520e-27
 1.95000000e+01  1.18502060e+08  2.26450500e+12  5.26885800e-27
 1.96000000e+01  1.13914864e+08  2.24245500e+12  5.11470440e-27
 1.97000000e+01  1.09395188e+08  2.22040500e+12  4.96055080e-27
 1.98000000e+01  1.04943031e+08  2.19835500e+12  4.80639720e-27
 1.99000000e+01  1.00558394e+08  2.17630500e+12  4.65224360e-27
 2.00000000e+01  9.62412760e+07  2.15425500e+12  4.49809000e-27
 2.01000000e+01  9.29497193e+07  2.13337200e+12  4.38677510e-27
 2.02000000e+01  8.97043381e+07  2.11248900e+12  4.27546020e-27
 2.03000000e+01  8.65051326e+07  2.09160600e+12  4.16414530e-27
 2.04000000e+01  8.33521026e+07  2.07072300e+12  4.05283040e-27
 2.05000000e+01  8.02452481e+07  2.04984000e+12  3.94151550e-27
 2.06000000e+01  7.72331863e+07  2.03023500e+12  3.83020060e-27
 2.07000000e+01  7.42644742e+07  2.01063000e+12  3.71888570e-27
 2.08000000e+01  7.13391119e+07  1.99102500e+12  3.60757080e-27
 2.09000000e+01  6.84570992e+07  1.97142000e+12  3.49625590e-27
 2.10000000e+01  6.56184363e+07  1.95181500e+12  3.38494100e-27
 2.11000000e+01  6.35525916e+07  1.93305300e+12  3.31019350e-27
 2.12000000e+01  6.15146044e+07  1.91429100e+12  3.23544600e-27
 2.13000000e+01  5.95044747e+07  1.89552900e+12  3.16069850e-27
 2.14000000e+01  5.75222025e+07  1.87676700e+12  3.08595100e-27
 2.15000000e+01  5.55677877e+07  1.85800500e+12  3.01120350e-27
 2.16000000e+01  5.36676538e+07  1.84014900e+12  2.93645600e-27
 2.17000000e+01  5.17940322e+07  1.82229300e+12  2.86170850e-27
 2.18000000e+01  4.99469228e+07  1.80443700e+12  2.78696100e-27
 2.19000000e+01  4.81263258e+07  1.78658100e+12  2.71221350e-27
 2.20000000e+01  4.63322409e+07  1.76872500e+12  2.63746600e-27
 2.21000000e+01  4.49478903e+07  1.75185000e+12  2.58330850e-27
 2.22000000e+01  4.35816935e+07  1.73497500e+12  2.52915100e-27
 2.23000000e+01  4.22336506e+07  1.71810000e+12  2.47499350e-27
 2.24000000e+01  4.09037615e+07  1.70122500e+12  2.42083600e-27
 2.25000000e+01  3.95920262e+07  1.68435000e+12  2.36667850e-27
 2.26000000e+01  3.83084358e+07  1.66791000e+12  2.31252100e-27
 2.27000000e+01  3.70425313e+07  1.65147000e+12  2.25836350e-27
 2.28000000e+01  3.57943127e+07  1.63503000e+12  2.20420600e-27
 2.29000000e+01  3.45637800e+07  1.61859000e+12  2.15004850e-27
 2.30000000e+01  3.33509331e+07  1.60215000e+12  2.09589100e-27
 2.31000000e+01  3.24158589e+07  1.58669400e+12  2.05697130e-27
 2.32000000e+01  3.14927338e+07  1.57123800e+12  2.01805160e-27
 2.33000000e+01  3.05815577e+07  1.55578200e+12  1.97913190e-27
 2.34000000e+01  2.96823307e+07  1.54032600e+12  1.94021220e-27
 2.35000000e+01  2.87950527e+07  1.52487000e+12  1.90129250e-27
 2.36000000e+01  2.79351502e+07  1.51024800e+12  1.86237280e-27
 2.37000000e+01  2.70865521e+07  1.49562600e+12  1.82345310e-27
 2.38000000e+01  2.62492582e+07  1.48100400e+12  1.78453340e-27
 2.39000000e+01  2.54232685e+07  1.46638200e+12  1.74561370e-27
 2.40000000e+01  2.46085832e+07  1.45176000e+12  1.70669400e-27
 2.41000000e+01  2.39121194e+07  1.43743200e+12  1.67492220e-27
 2.42000000e+01  2.32246981e+07  1.42310400e+12  1.64315040e-27
 2.43000000e+01  2.25463196e+07  1.40877600e+12  1.61137860e-27
 2.44000000e+01  2.18769836e+07  1.39444800e+12  1.57960680e-27
 2.45000000e+01  2.12166902e+07  1.38012000e+12  1.54783500e-27
 2.46000000e+01  2.05758742e+07  1.36648500e+12  1.51606320e-27
 2.47000000e+01  1.99436636e+07  1.35285000e+12  1.48429140e-27
 2.48000000e+01  1.93200581e+07  1.33921500e+12  1.45251960e-27
 2.49000000e+01  1.87050579e+07  1.32558000e+12  1.42074780e-27
 2.50000000e+01  1.80986630e+07  1.31194500e+12  1.38897600e-27
 2.51000000e+01  1.76119872e+07  1.29901500e+12  1.36507990e-27
 2.52000000e+01  1.71314489e+07  1.28608500e+12  1.34118380e-27
 2.53000000e+01  1.66570481e+07  1.27315500e+12  1.31728770e-27
 2.54000000e+01  1.61887848e+07  1.26022500e+12  1.29339160e-27
 2.55000000e+01  1.57266590e+07  1.24729500e+12  1.26949550e-27
 2.56000000e+01  1.52751986e+07  1.23473100e+12  1.24559940e-27
 2.57000000e+01  1.48297019e+07  1.22216700e+12  1.22170330e-27
 2.58000000e+01  1.43901691e+07  1.20960300e+12  1.19780720e-27
 2.59000000e+01  1.39566000e+07  1.19703900e+12  1.17391110e-27
 2.60000000e+01  1.35289947e+07  1.18447500e+12  1.15001500e-27
 2.61000000e+01  1.31786256e+07  1.17225900e+12  1.13190616e-27
 2.62000000e+01  1.28326509e+07  1.16004300e+12  1.11379732e-27
 2.63000000e+01  1.24910703e+07  1.14782700e+12  1.09568848e-27
 2.64000000e+01  1.21538841e+07  1.13561100e+12  1.07757964e-27
 2.65000000e+01  1.18210921e+07  1.12339500e+12  1.05947080e-27
 2.66000000e+01  1.14975658e+07  1.11165000e+12  1.04136196e-27
 2.67000000e+01  1.11782643e+07  1.09990500e+12  1.02325312e-27
 2.68000000e+01  1.08631877e+07  1.08816000e+12  1.00514428e-27
 2.69000000e+01  1.05523360e+07  1.07641500e+12  9.87035440e-28
 2.70000000e+01  1.02457090e+07  1.06467000e+12  9.68926600e-28
 2.71000000e+01  9.98938638e+06  1.05338100e+12  9.54810550e-28
 2.72000000e+01  9.73622919e+06  1.04209200e+12  9.40694500e-28
 2.73000000e+01  9.48623745e+06  1.03080300e+12  9.26578450e-28
 2.74000000e+01  9.23941115e+06  1.01951400e+12  9.12462400e-28
 2.75000000e+01  8.99575029e+06  1.00822500e+12  8.98346350e-28
 2.76000000e+01  8.75867993e+06  9.97326000e+11  8.84230300e-28
 2.77000000e+01  8.52466565e+06  9.86427000e+11  8.70114250e-28
 2.78000000e+01  8.29370746e+06  9.75528000e+11  8.55998200e-28
 2.79000000e+01  8.06580536e+06  9.64629000e+11  8.41882150e-28
 2.80000000e+01  7.84095935e+06  9.53730000e+11  8.27766100e-28
 2.81000000e+01  7.63509404e+06  9.42924000e+11  8.15270220e-28
 2.82000000e+01  7.43191098e+06  9.32118000e+11  8.02774340e-28
 2.83000000e+01  7.23141015e+06  9.21312000e+11  7.90278460e-28
 2.84000000e+01  7.03359157e+06  9.10506000e+11  7.77782580e-28
 2.85000000e+01  6.83845523e+06  8.99700000e+11  7.65286700e-28
 2.86000000e+01  6.64759367e+06  8.89107000e+11  7.52790820e-28
 2.87000000e+01  6.45936149e+06  8.78514000e+11  7.40294940e-28
 2.88000000e+01  6.27375867e+06  8.67921000e+11  7.27799060e-28
 2.89000000e+01  6.09078523e+06  8.57328000e+11  7.15303180e-28
 2.90000000e+01  5.91044115e+06  8.46735000e+11  7.02807300e-28
 2.91000000e+01  5.76391803e+06  8.36559000e+11  6.93721410e-28
 2.92000000e+01  5.61923149e+06  8.26383000e+11  6.84635520e-28
 2.93000000e+01  5.47638154e+06  8.16207000e+11  6.75549630e-28
 2.94000000e+01  5.33536816e+06  8.06031000e+11  6.66463740e-28
 2.95000000e+01  5.19619138e+06  7.95855000e+11  6.57377850e-28
 2.96000000e+01  5.06089872e+06  7.85997000e+11  6.48291960e-28
 2.97000000e+01  4.92738525e+06  7.76139000e+11  6.39206070e-28
 2.98000000e+01  4.79565097e+06  7.66281000e+11  6.30120180e-28
 2.99000000e+01  4.66569589e+06  7.56423000e+11  6.21034290e-28
 3.00000000e+01  4.53751999e+06  7.46565000e+11  6.11948400e-28
 3.01000000e+01  4.43021092e+06  7.36896000e+11  6.05315900e-28
 3.02000000e+01  4.32417571e+06  7.27227000e+11  5.98683400e-28
 3.03000000e+01  4.21941438e+06  7.17558000e+11  5.92050900e-28
 3.04000000e+01  4.11592691e+06  7.07889000e+11  5.85418400e-28
 3.05000000e+01  4.01371332e+06  6.98220000e+11  5.78785900e-28
 3.06000000e+01  3.91401808e+06  6.88770000e+11  5.72153400e-28
 3.07000000e+01  3.81556787e+06  6.79320000e+11  5.65520900e-28
 3.08000000e+01  3.71836267e+06  6.69870000e+11  5.58888400e-28
 3.09000000e+01  3.62240249e+06  6.60420000e+11  5.52255900e-28
 3.10000000e+01  3.52768732e+06  6.50970000e+11  5.45623400e-28
 3.11000000e+01  3.43553407e+06  6.41766000e+11  5.38990900e-28
 3.12000000e+01  3.34459343e+06  6.32562000e+11  5.32358400e-28
 3.13000000e+01  3.25486539e+06  6.23358000e+11  5.25725900e-28
 3.14000000e+01  3.16634996e+06  6.14154000e+11  5.19093400e-28
 3.15000000e+01  3.07904714e+06  6.04950000e+11  5.12460900e-28
 3.16000000e+01  2.99450930e+06  5.96055000e+11  5.05828400e-28
 3.17000000e+01  2.91114336e+06  5.87160000e+11  4.99195900e-28
 3.18000000e+01  2.82894932e+06  5.78265000e+11  4.92563400e-28
 3.19000000e+01  2.74792717e+06  5.69370000e+11  4.85930900e-28
 3.20000000e+01  2.66807693e+06  5.60475000e+11  4.79298400e-28
 3.21000000e+01  2.59916025e+06  5.51799000e+11  4.74259485e-28
 3.22000000e+01  2.53111198e+06  5.43123000e+11  4.69220570e-28
 3.23000000e+01  2.46393212e+06  5.34447000e+11  4.64181655e-28
 3.24000000e+01  2.39762066e+06  5.25771000e+11  4.59142740e-28
 3.25000000e+01  2.33217760e+06  5.17095000e+11  4.54103825e-28
 3.26000000e+01  2.26764310e+06  5.08428000e+11  4.49064910e-28
 3.27000000e+01  2.20397610e+06  4.99761000e+11  4.44025995e-28
 3.28000000e+01  2.14117660e+06  4.91094000e+11  4.38987080e-28
 3.29000000e+01  2.07924461e+06  4.82427000e+11  4.33948165e-28
 3.30000000e+01  2.01818012e+06  4.73760000e+11  4.28909250e-28
 3.31000000e+01  1.95900614e+06  4.65336000e+11  4.23870335e-28
 3.32000000e+01  1.90067534e+06  4.56912000e+11  4.18831420e-28
 3.33000000e+01  1.84318772e+06  4.48488000e+11  4.13792505e-28
 3.34000000e+01  1.78654329e+06  4.40064000e+11  4.08753590e-28
 3.35000000e+01  1.73074204e+06  4.31640000e+11  4.03714675e-28
 3.36000000e+01  1.67718568e+06  4.23570000e+11  3.98675760e-28
 3.37000000e+01  1.62443707e+06  4.15500000e+11  3.93636845e-28
 3.38000000e+01  1.57249621e+06  4.07430000e+11  3.88597930e-28
 3.39000000e+01  1.52136311e+06  3.99360000e+11  3.83559015e-28
 3.40000000e+01  1.47103775e+06  3.91290000e+11  3.78520100e-28
 3.41000000e+01  1.42821380e+06  3.83301000e+11  3.75160540e-28
 3.42000000e+01  1.38592300e+06  3.75312000e+11  3.71800980e-28
 3.43000000e+01  1.34416534e+06  3.67323000e+11  3.68441420e-28
 3.44000000e+01  1.30294081e+06  3.59334000e+11  3.65081860e-28
 3.45000000e+01  1.26224943e+06  3.51345000e+11  3.61722300e-28
 3.46000000e+01  1.22204847e+06  3.43344000e+11  3.58362740e-28
 3.47000000e+01  1.18238146e+06  3.35343000e+11  3.55003180e-28
 3.48000000e+01  1.14324838e+06  3.27342000e+11  3.51643620e-28
 3.49000000e+01  1.10464925e+06  3.19341000e+11  3.48284060e-28
 3.50000000e+01  1.06658405e+06  3.11340000e+11  3.44924500e-28
 3.51000000e+01  1.02966852e+06  3.03520500e+11  3.41564940e-28
 3.52000000e+01  9.93274822e+05  2.95701000e+11  3.38205380e-28
 3.53000000e+01  9.57402949e+05  2.87881500e+11  3.34845820e-28
 3.54000000e+01  9.22052903e+05  2.80062000e+11  3.31486260e-28
 3.55000000e+01  8.87224686e+05  2.72242500e+11  3.28126700e-28
 3.56000000e+01  8.53146668e+05  2.64493800e+11  3.24767140e-28
 3.57000000e+01  8.19585753e+05  2.56745100e+11  3.21407580e-28
 3.58000000e+01  7.86541942e+05  2.48996400e+11  3.18048020e-28
 3.59000000e+01  7.54015234e+05  2.41247700e+11  3.14688460e-28
 3.60000000e+01  7.22005630e+05  2.33499000e+11  3.11328900e-28
 3.61000000e+01  6.92329395e+05  2.25827400e+11  3.08673975e-28
 3.62000000e+01  6.63057739e+05  2.18155800e+11  3.06019050e-28
 3.63000000e+01  6.34190663e+05  2.10484200e+11  3.03364125e-28
 3.64000000e+01  6.05728168e+05  2.02812600e+11  3.00709200e-28
 3.65000000e+01  5.77670252e+05  1.95141000e+11  2.98054275e-28
 3.66000000e+01  5.50553820e+05  1.87652400e+11  2.95399350e-28
 3.67000000e+01  5.23832318e+05  1.80163800e+11  2.92744425e-28
 3.68000000e+01  4.97505744e+05  1.72675200e+11  2.90089500e-28
 3.69000000e+01  4.71574099e+05  1.65186600e+11  2.87434575e-28
 3.70000000e+01  4.46037383e+05  1.57698000e+11  2.84779650e-28
 3.71000000e+01  4.21024211e+05  1.50255300e+11  2.82124725e-28
 3.72000000e+01  3.96403547e+05  1.42812600e+11  2.79469800e-28
 3.73000000e+01  3.72175391e+05  1.35369900e+11  2.76814875e-28
 3.74000000e+01  3.48339744e+05  1.27927200e+11  2.74159950e-28
 3.75000000e+01  3.24896605e+05  1.20484500e+11  2.71505025e-28
 3.76000000e+01  3.02105520e+05  1.13139000e+11  2.68850100e-28
 3.77000000e+01  2.79701816e+05  1.05793500e+11  2.66195175e-28
 3.78000000e+01  2.57685495e+05  9.84480000e+10  2.63540250e-28
 3.79000000e+01  2.36056556e+05  9.11025000e+10  2.60885325e-28
 3.80000000e+01  2.14815000e+05  8.37570000e+10  2.58230400e-28
 3.81000000e+01  1.96332125e+05  7.70454000e+10  2.56571570e-28
 3.82000000e+01  1.78070405e+05  7.03338000e+10  2.54912740e-28
 3.83000000e+01  1.60029837e+05  6.36222000e+10  2.53253910e-28
 3.84000000e+01  1.42210424e+05  5.69106000e+10  2.51595080e-28
 3.85000000e+01  1.24612164e+05  5.01990000e+10  2.49936250e-28
 3.86000000e+01  1.11173500e+05  4.50845700e+10  2.48277420e-28
 3.87000000e+01  9.79033611e+04  3.99701400e+10  2.46618590e-28
 3.88000000e+01  8.48017478e+04  3.48557100e+10  2.44959760e-28
 3.89000000e+01  7.18686599e+04  2.97412800e+10  2.43300930e-28
 3.90000000e+01  5.91040973e+04  2.46268500e+10  2.41642100e-28
 3.91000000e+01  5.11528310e+04  2.14611300e+10  2.39983270e-28
 3.92000000e+01  4.33058782e+04  1.82954100e+10  2.38324440e-28
 3.93000000e+01  3.55632388e+04  1.51296900e+10  2.36665610e-28
 3.94000000e+01  2.79249130e+04  1.19639700e+10  2.35006780e-28
 3.95000000e+01  2.03909007e+04  8.79825000e+09  2.33347950e-28
 3.96000000e+01  1.69075303e+04  7.34748000e+09  2.31689120e-28
 3.97000000e+01  1.34719642e+04  5.89671000e+09  2.30030290e-28
 3.98000000e+01  1.00842023e+04  4.44594000e+09  2.28371460e-28
 3.99000000e+01  6.74424462e+03  2.99517000e+09  2.26712630e-28
 4.00000000e+01  3.45209124e+03  1.54440000e+09  2.25053800e-28
 4.01000000e+01  2.74351970e+03  1.23552000e+09  2.23574455e-28
 4.02000000e+01  2.04402481e+03  9.26640000e+08  2.22095110e-28
 4.03000000e+01  1.35360656e+03  6.17760000e+08  2.20615765e-28
 4.04000000e+01  6.72264956e+02  3.08880000e+08  2.19136420e-28
 4.05000000e+01  0.00000000e+00  0.00000000e+00  2.17657075e-28
 4.06000000e+01  0.00000000e+00  0.00000000e+00  2.16177730e-28
 4.07000000e+01  0.00000000e+00  0.00000000e+00  2.14698385e-28
 4.08000000e+01  0.00000000e+00  0.00000000e+00  2.13219040e-28
 4.09000000e+01  0.00000000e+00  0.00000000e+00  2.11739695e-28
 4.10000000e+01  0.00000000e+00  0.00000000e+00  2.10260350e-28
 4.11000000e+01  0.00000000e+00  0.00000000e+00  2.08781005e-28
 4.12000000e+01  0.00000000e+00  0.00000000e+00  2.07301660e-28
 4.13000000e+01  0.00000000e+00  0.00000000e+00  2.05822315e-28
 4.14000000e+01  0.00000000e+00  0.00000000e+00  2.04342970e-28
 4.15000000e+01  0.00000000e+00  0.00000000e+00  2.02863625e-28
 4.16000000e+01  0.00000000e+00  0.00000000e+00  2.01384280e-28
 4.17000000e+01  0.00000000e+00  0.00000000e+00  1.99904935e-28
 4.18000000e+01  0.00000000e+00  0.00000000e+00  1.98425590e-28
 4.19000000e+01  0.00000000e+00  0.00000000e+00  1.96946245e-28
 4.20000000e+01  0.00000000e+00  0.00000000e+00  1.95466900e-28
 4.21000000e+01  0.00000000e+00  0.00000000e+00  1.94360320e-28
 4.22000000e+01  0.00000000e+00  0.00000000e+00  1.93253740e-28
 4.23000000e+01  0.00000000e+00  0.00000000e+00  1.92147160e-28
 4.24000000e+01  0.00000000e+00  0.00000000e+00  1.91040580e-28
 4.25000000e+01  0.00000000e+00  0.00000000e+00  1.89934000e-28
 4.26000000e+01  0.00000000e+00  0.00000000e+00  1.88827420e-28
 4.27000000e+01  0.00000000e+00  0.00000000e+00  1.87720840e-28
 4.28000000e+01  0.00000000e+00  0.00000000e+00  1.86614260e-28
 4.29000000e+01  0.00000000e+00  0.00000000e+00  1.85507680e-28
 4.30000000e+01  0.00000000e+00  0.00000000e+00  1.84401100e-28
 4.31000000e+01  0.00000000e+00  0.00000000e+00  1.83294520e-28
 4.32000000e+01  0.00000000e+00  0.00000000e+00  1.82187940e-28
 4.33000000e+01  0.00000000e+00  0.00000000e+00  1.81081360e-28
 4.34000000e+01  0.00000000e+00  0.00000000e+00  1.79974780e-28
 4.35000000e+01  0.00000000e+00  0.00000000e+00  1.78868200e-28
 4.36000000e+01  0.00000000e+00  0.00000000e+00  1.77761620e-28
 4.37000000e+01  0.00000000e+00  0.00000000e+00  1.76655040e-28
 4.38000000e+01  0.00000000e+00  0.00000000e+00  1.75548460e-28
 4.39000000e+01  0.00000000e+00  0.00000000e+00  1.74441880e-28
 4.40000000e+01  0.00000000e+00  0.00000000e+00  1.73335300e-28
 4.41000000e+01  0.00000000e+00  0.00000000e+00  1.72441315e-28
 4.42000000e+01  0.00000000e+00  0.00000000e+00  1.71547330e-28
 4.43000000e+01  0.00000000e+00  0.00000000e+00  1.70653345e-28
 4.44000000e+01  0.00000000e+00  0.00000000e+00  1.69759360e-28
 4.45000000e+01  0.00000000e+00  0.00000000e+00  1.68865375e-28
 4.46000000e+01  0.00000000e+00  0.00000000e+00  1.67971390e-28
 4.47000000e+01  0.00000000e+00  0.00000000e+00  1.67077405e-28
 4.48000000e+01  0.00000000e+00  0.00000000e+00  1.66183420e-28
 4.49000000e+01  0.00000000e+00  0.00000000e+00  1.65289435e-28
 4.50000000e+01  0.00000000e+00  0.00000000e+00  1.64395450e-28
 4.51000000e+01  0.00000000e+00  0.00000000e+00  1.63501465e-28
 4.52000000e+01  0.00000000e+00  0.00000000e+00  1.62607480e-28
 4.53000000e+01  0.00000000e+00  0.00000000e+00  1.61713495e-28
 4.54000000e+01  0.00000000e+00  0.00000000e+00  1.60819510e-28
 4.55000000e+01  0.00000000e+00  0.00000000e+00  1.59925525e-28
 4.56000000e+01  0.00000000e+00  0.00000000e+00  1.59031540e-28
 4.57000000e+01  0.00000000e+00  0.00000000e+00  1.58137555e-28
 4.58000000e+01  0.00000000e+00  0.00000000e+00  1.57243570e-28
 4.59000000e+01  0.00000000e+00  0.00000000e+00  1.56349585e-28
 4.60000000e+01  0.00000000e+00  0.00000000e+00  1.55455600e-28
 4.61000000e+01  0.00000000e+00  0.00000000e+00  1.54835485e-28
 4.62000000e+01  0.00000000e+00  0.00000000e+00  1.54215370e-28
 4.63000000e+01  0.00000000e+00  0.00000000e+00  1.53595255e-28
 4.64000000e+01  0.00000000e+00  0.00000000e+00  1.52975140e-28
 4.65000000e+01  0.00000000e+00  0.00000000e+00  1.52355025e-28
 4.66000000e+01  0.00000000e+00  0.00000000e+00  1.51734910e-28
 4.67000000e+01  0.00000000e+00  0.00000000e+00  1.51114795e-28
 4.68000000e+01  0.00000000e+00  0.00000000e+00  1.50494680e-28
 4.69000000e+01  0.00000000e+00  0.00000000e+00  1.49874565e-28
 4.70000000e+01  0.00000000e+00  0.00000000e+00  1.49254450e-28
 4.71000000e+01  0.00000000e+00  0.00000000e+00  1.48634335e-28
 4.72000000e+01  0.00000000e+00  0.00000000e+00  1.48014220e-28
 4.73000000e+01  0.00000000e+00  0.00000000e+00  1.47394105e-28
 4.74000000e+01  0.00000000e+00  0.00000000e+00  1.46773990e-28
 4.75000000e+01  0.00000000e+00  0.00000000e+00  1.46153875e-28
 4.76000000e+01  0.00000000e+00  0.00000000e+00  1.45533760e-28
 4.77000000e+01  0.00000000e+00  0.00000000e+00  1.44913645e-28
 4.78000000e+01  0.00000000e+00  0.00000000e+00  1.44293530e-28
 4.79000000e+01  0.00000000e+00  0.00000000e+00  1.43673415e-28
 4.80000000e+01  0.00000000e+00  0.00000000e+00  1.43053300e-28
 4.81000000e+01  0.00000000e+00  0.00000000e+00  1.42414940e-28
 4.82000000e+01  0.00000000e+00  0.00000000e+00  1.41776580e-28
 4.83000000e+01  0.00000000e+00  0.00000000e+00  1.41138220e-28
 4.84000000e+01  0.00000000e+00  0.00000000e+00  1.40499860e-28
 4.85000000e+01  0.00000000e+00  0.00000000e+00  1.39861500e-28
 4.86000000e+01  0.00000000e+00  0.00000000e+00  1.39223140e-28
 4.87000000e+01  0.00000000e+00  0.00000000e+00  1.38584780e-28
 4.88000000e+01  0.00000000e+00  0.00000000e+00  1.37946420e-28
 4.89000000e+01  0.00000000e+00  0.00000000e+00  1.37308060e-28
 4.90000000e+01  0.00000000e+00  0.00000000e+00  1.36669700e-28
 4.91000000e+01  0.00000000e+00  0.00000000e+00  1.36031340e-28
 4.92000000e+01  0.00000000e+00  0.00000000e+00  1.35392980e-28
 4.93000000e+01  0.00000000e+00  0.00000000e+00  1.34754620e-28
 4.94000000e+01  0.00000000e+00  0.00000000e+00  1.34116260e-28
 4.95000000e+01  0.00000000e+00  0.00000000e+00  1.33477900e-28
 4.96000000e+01  0.00000000e+00  0.00000000e+00  1.32839540e-28
 4.97000000e+01  0.00000000e+00  0.00000000e+00  1.32201180e-28
 4.98000000e+01  0.00000000e+00  0.00000000e+00  1.31562820e-28
 4.99000000e+01  0.00000000e+00  0.00000000e+00  1.30924460e-28
 5.00000000e+01  0.00000000e+00  0.00000000e+00  1.30286100e-28
